1 0.005
2 0.003
3 0.004
4 0.003
5 0.004
6 0.004
7 0.004
8 0.006
9 0.005
10 0.004
10010 0.526
20010 0.775
30010 0.624
40010 0.72
50010 0.944
150010 3.703
250010 5.154
350010 9.354
450010 13.707
550010 17.579
650010 18.635
750010 21.592
850010 22.18
950010 29.094
1050010 33.006
1150010 37.005
1250010 49.814
1350010 48.834
1450010 53.01
1550010 57.187
1650010 49.742
1750010 82.465
1850010 62.397
1950010 62.707
2050010 96.448
2150010 77.318
2250010 62.284
2350010 94.14
2450010 57.113
2550010 84.744
