1 0.001
2 0.001
3 0
4 0
5 0
55 0.001
105 0.005
155 0.008
205 0.011
255 0.016
355 0.02
455 0.031
555 0.038
655 0.048
755 0.046
855 0.051
955 0.07
1055 0.085
1155 0.087
1255 0.089
1355 0.092
1455 0.107
1555 0.108
1655 0.121
1755 0.101
1855 0.143
1955 0.142
2055 0.156
2155 0.172
2255 0.212
2355 0.213
2455 0.191
2555 0.224
2655 0.26
12655 0.895
22655 1.853
32655 2.203
42655 4.123
52655 4.621
62655 8.325
72655 10.572
82655 13.169
92655 14.413
102655 16.172
112655 16.339
122655 19.231
132655 24.378
142655 25.181
152655 22.367
162655 30.144
172655 32.203
182655 32.539
192655 31.995
202655 34.169
212655 36.241
222655 40.167
232655 41.528
242655 43.862
252655 45.617
262655 47.477
272655 51.917
282655 53.277
292655 57.388
302655 54.244
312655 62.482
322655 55.382
332655 71.722
382655 66.044
432655 78.809
482655 91.478
532655 111.957
582655 123.692
632655 116.367
682655 140.044
732655 159.877
782655 145.537
832655 172.497
882655 181.327
932655 222.499
982655 220.51
1032655 194.69
1082655 232.543
1132655 223.245
1182655 250.557
1232655 313.998
1282655 281.18
1332655 290.774
1382655 354.54
1432655 345.854
1482655 319.712
1532655 418.72
1582655 349.638
1632655 338.213
1682655 382.587
1732655 332.389
1782655 394.237
1832655 405.194
1882655 410.149
1932655 464.672
1982655 433.51
